0.0
1.0
3.0
0.0
3.0
0.0
2.0
2.0
2.0
1.0
1.0
2.0
1.0
0.0
0.0
0.0
1.0
0.0
4.0
0.0
4.0
3.0
0.0
0.0
1.0
2.0
1.0
1.0
0.0
1.0
1.0
2.0
0.0
0.0
3.0
3.0
0.0
1.0
0.0
1.0
1.0
4.0
4.0
0.0
1.0
0.0
2.0
0.0
2.0
4.0
2.0
1.0
2.0
1.0
3.0
4.0
3.0
1.0
2.0
3.0
2.0
4.0
4.0
4.0
2.0
1.0
2.0
0.0
1.0
0.0
0.0
1.0
0.0
3.0
3.0
0.0
0.0
4.0
4.0
4.0
3.0
0.0
3.0
0.0
0.0
1.0
1.0
3.0
0.0
1.0
0.0
1.0
0.0
3.0
2.0
3.0
3.0
1.0
3.0
0.0
1.0
1.0
0.0
1.0
1.0
2.0
2.0
3.0
2.0
3.0
0.0
2.0
1.0
3.0
0.0
0.0
3.0
1.0
0.0
3.0
2.0
0.0
3.0
0.0
1.0
0.0
0.0
0.0
0.0
3.0
0.0
0.0
0.0
2.0
1.0
1.0
0.0
4.0
2.0
1.0
0.0
0.0
0.0
3.0
0.0
0.0
4.0
0.0
4.0
1.0
0.0
4.0
4.0
0.0
2.0
0.0
0.0
0.0
0.0
2.0
1.0
0.0
105.0
62.0
59.0
109.0
159.0
64.0
64.0
64.0
140.0
92.0
105.0
138.0
66.0
126.0
28.0
133.0
45.0
64.0
62.0
73.0
154.0
26.0
74.0
144.0
20.0
5.0
69.0
51.0
12.0
127.0
61.0
80.0
102.0
56.0
129.0
110.0
73.0
106.0
71.0
79.0
68.0
4.0
124.0
56.0
152.0
96.0
71.0
150.0
70.0
61.0
58.0
113.0
1.0
53.0
