2.0
3.0
4.0
3.0
3.0
4.0
4.0
0.0
0.0
4.0
2.0
0.0
0.0
1.0
4.0
2.0
2.0
1.0
3.0
1.0
2.0
4.0
0.0
0.0
0.0
1.0
1.0
1.0
0.0
0.0
2.0
2.0
2.0
0.0
1.0
2.0
1.0
0.0
3.0
3.0
0.0
1.0
1.0
4.0
0.0
2.0
0.0
3.0
0.0
1.0
2.0
2.0
3.0
1.0
3.0
2.0
2.0
0.0
2.0
3.0
0.0
0.0
0.0
0.0
0.0
0.0
4.0
0.0
0.0
0.0
2.0
1.0
3.0
4.0
3.0
1.0
3.0
0.0
2.0
0.0
0.0
0.0
0.0
3.0
0.0
3.0
0.0
1.0
4.0
2.0
3.0
4.0
4.0
1.0
0.0
1.0
2.0
3.0
1.0
0.0
1.0
0.0
3.0
4.0
0.0
1.0
3.0
4.0
0.0
0.0
0.0
1.0
4.0
0.0
0.0
1.0
3.0
1.0
3.0
2.0
2.0
3.0
3.0
0.0
3.0
3.0
1.0
1.0
0.0
0.0
0.0
2.0
2.0
0.0
2.0
0.0
0.0
1.0
1.0
0.0
2.0
2.0
0.0
1.0
4.0
2.0
0.0
0.0
2.0
0.0
4.0
1.0
4.0
4.0
1.0
2.0
2.0
1.0
0.0
2.0
0.0
4.0
0.0
2.0
3.0
4.0
0.0
1.0
1.0
2.0
4.0
2.0
2.0
1.0
1.0
1.0
3.0
4.0
3.0
1.0
0.0
4.0
1.0
0.0
4.0
0.0
2.0
4.0
3.0
1.0
4.0
0.0
0.0
0.0
3.0
2.0
4.0
3.0
1.0
0.0
2.0
1.0
2.0
0.0
0.0
1.0
3.0
4.0
0.0
1.0
2.0
0.0
1.0
2.0
1.0
1.0
2.0
1.0
4.0
3.0
3.0
2.0
2.0
2.0
3.0
0.0
1.0
1.0
1.0
3.0
0.0
0.0
0.0
2.0
3.0
4.0
3.0
1.0
0.0
2.0
1.0
4.0
2.0
0.0
2.0
0.0
0.0
2.0
97.0
7.0
18.0
31.0
6.0
23.0
13.0
19.0
1.0
3.0
5.0
16.0
13.0
29.0
26.0
10.0
