0.0
1.0
1.0
0.0
0.0
0.0
4.0
2.0
0.0
4.0
2.0
4.0
2.0
2.0
0.0
2.0
1.0
0.0
0.0
0.0
0.0
0.0
2.0
3.0
2.0
3.0
1.0
2.0
2.0
3.0
3.0
4.0
0.0
0.0
4.0
1.0
2.0
1.0
1.0
1.0
1.0
3.0
2.0
3.0
3.0
1.0
1.0
3.0
0.0
3.0
3.0
2.0
1.0
2.0
2.0
4.0
0.0
4.0
2.0
2.0
0.0
2.0
0.0
2.0
2.0
3.0
1.0
0.0
4.0
1.0
1.0
0.0
0.0
3.0
1.0
2.0
0.0
1.0
2.0
1.0
1.0
4.0
1.0
3.0
2.0
4.0
0.0
2.0
0.0
0.0
4.0
3.0
1.0
4.0
0.0
2.0
0.0
0.0
3.0
1.0
3.0
1.0
1.0
2.0
4.0
1.0
0.0
1.0
0.0
2.0
4.0
0.0
0.0
4.0
3.0
2.0
0.0
1.0
3.0
0.0
0.0
3.0
1.0
4.0
1.0
2.0
2.0
1.0
0.0
1.0
0.0
3.0
3.0
4.0
4.0
3.0
1.0
0.0
4.0
3.0
3.0
2.0
3.0
0.0
3.0
0.0
1.0
2.0
3.0
3.0
2.0
1.0
4.0
0.0
3.0
0.0
0.0
2.0
4.0
2.0
3.0
1.0
0.0
1.0
0.0
4.0
0.0
1.0
0.0
0.0
1.0
2.0
1.0
3.0
0.0
2.0
0.0
0.0
2.0
0.0
3.0
3.0
1.0
0.0
2.0
3.0
3.0
4.0
0.0
3.0
0.0
3.0
1.0
5.0
0.0
3.0
2.0
1.0
4.0
5.0
3.0
3.0
0.0
4.0
4.0
2.0
1.0
5.0
4.0
2.0
4.0
0.0
4.0
0.0
4.0
2.0
5.0
1.0
3.0
0.0
3.0
1.0
0.0
0.0
54.0
97.0
26.0
107.0
73.0
2.0
128.0
18.0
123.0
101.0
45.0
0.0
