3.0
0.0
0.0
0.0
2.0
1.0
1.0
0.0
0.0
4.0
2.0
1.0
4.0
2.0
1.0
2.0
0.0
0.0
0.0
3.0
2.0
0.0
3.0
3.0
4.0
0.0
3.0
3.0
3.0
0.0
3.0
1.0
0.0
0.0
0.0
1.0
0.0
3.0
3.0
3.0
1.0
3.0
2.0
2.0
2.0
0.0
2.0
1.0
1.0
1.0
4.0
1.0
2.0
2.0
2.0
4.0
4.0
0.0
4.0
2.0
2.0
1.0
2.0
4.0
3.0
3.0
0.0
3.0
4.0
4.0
4.0
4.0
2.0
3.0
1.0
2.0
0.0
2.0
1.0
1.0
1.0
0.0
1.0
0.0
0.0
1.0
0.0
3.0
2.0
4.0
1.0
1.0
0.0
4.0
2.0
2.0
2.0
3.0
1.0
0.0
0.0
1.0
0.0
0.0
1.0
2.0
1.0
2.0
1.0
0.0
1.0
4.0
3.0
4.0
2.0
2.0
1.0
1.0
0.0
0.0
3.0
0.0
1.0
2.0
2.0
4.0
3.0
0.0
0.0
0.0
1.0
0.0
0.0
0.0
4.0
0.0
2.0
0.0
1.0
4.0
1.0
3.0
1.0
2.0
0.0
0.0
0.0
1.0
0.0
1.0
4.0
0.0
1.0
4.0
2.0
3.0
1.0
0.0
0.0
190.0
128.0
125.0
69.0
69.0
67.0
118.0
15.0
125.0
185.0
1.0
163.0
103.0
108.0
146.0
107.0
97.0
53.0
95.0
121.0
113.0
1.0
7.0
58.0
118.0
98.0
64.0
34.0
91.0
110.0
108.0
144.0
164.0
79.0
51.0
73.0
152.0
136.0
3.0
98.0
2.0
91.0
42.0
111.0
108.0
80.0
157.0
200.0
60.0
107.0
54.0
108.0
97.0
125.0
108.0
107.0
113.0
102.0
83.0
113.0
142.0
125.0
58.0
