0.0
1.0
1.0
3.0
4.0
4.0
3.0
0.0
2.0
1.0
1.0
0.0
0.0
0.0
0.0
0.0
3.0
2.0
3.0
2.0
1.0
1.0
0.0
0.0
0.0
0.0
1.0
1.0
3.0
1.0
0.0
0.0
3.0
1.0
3.0
2.0
2.0
2.0
3.0
4.0
2.0
3.0
4.0
1.0
3.0
0.0
1.0
1.0
3.0
1.0
2.0
0.0
0.0
0.0
4.0
4.0
0.0
0.0
0.0
1.0
2.0
0.0
0.0
0.0
1.0
2.0
1.0
3.0
0.0
3.0
1.0
3.0
0.0
0.0
0.0
0.0
1.0
0.0
0.0
1.0
0.0
1.0
2.0
0.0
3.0
0.0
0.0
0.0
2.0
1.0
1.0
0.0
0.0
3.0
4.0
3.0
0.0
2.0
0.0
4.0
3.0
1.0
1.0
0.0
0.0
4.0
4.0
0.0
0.0
3.0
2.0
2.0
2.0
1.0
0.0
4.0
1.0
4.0
1.0
1.0
4.0
4.0
0.0
0.0
2.0
0.0
0.0
1.0
4.0
3.0
0.0
2.0
1.0
1.0
2.0
0.0
3.0
0.0
4.0
2.0
0.0
1.0
3.0
2.0
2.0
1.0
2.0
1.0
2.0
3.0
1.0
0.0
1.0
2.0
0.0
0.0
1.0
0.0
4.0
3.0
1.0
0.0
1.0
0.0
3.0
0.0
0.0
3.0
1.0
3.0
0.0
0.0
3.0
0.0
0.0
3.0
1.0
1.0
0.0
3.0
1.0
3.0
1.0
0.0
2.0
1.0
2.0
0.0
0.0
0.0
0.0
2.0
3.0
0.0
4.0
4.0
0.0
1.0
2.0
0.0
1.0
0.0
0.0
0.0
3.0
0.0
2.0
3.0
0.0
1.0
2.0
1.0
0.0
2.0
3.0
0.0
0.0
4.0
2.0
3.0
3.0
4.0
1.0
2.0
4.0
0.0
0.0
1.0
2.0
3.0
0.0
3.0
1.0
0.0
2.0
0.0
1.0
1.0
1.0
2.0
0.0
0.0
0.0
4.0
4.0
1.0
3.0
4.0
3.0
3.0
3.0
3.0
2.0
0.0
1.0
0.0
3.0
4.0
2.0
3.0
3.0
4.0
0.0
0.0
0.0
4.0
0.0
2.0
3.0
4.0
1.0
0.0
0.0
0.0
4.0
3.0
0.0
4.0
2.0
2.0
2.0
0.0
2.0
0.0
1.0
0.0
4.0
0.0
0.0
2.0
3.0
0.0
0.0
1.0
4.0
0.0
1.0
1.0
2.0
0.0
1.0
3.0
2.0
0.0
0.0
0.0
4.0
1.0
3.0
3.0
2.0
2.0
4.0
1.0
3.0
4.0
0.0
4.0
2.0
0.0
0.0
3.0
2.0
0.0
1.0
0.0
4.0
2.0
0.0
1.0
1.0
2.0
0.0
0.0
0.0
3.0
1.0
2.0
2.0
1.0
4.0
4.0
1.0
1.0
1.0
3.0
1.0
2.0
0.0
0.0
0.0
4.0
0.0
1.0
0.0
0.0
0.0
0.0
1.0
3.0
1.0
1.0
2.0
1.0
1.0
1.0
1.0
0.0
0.0
195.0
138.0
88.0
202.0
122.0
97.0
41.0
269.0
28.0
12.0
2.0
57.0
48.0
188.0
6.0
22.0
35.0
31.0
158.0
5.0
82.0
15.0
83.0
16.0
22.0
171.0
23.0
